2845
2846
2847
2848
2849
2850
2851
2852
2001
2002
2003
2004
2005
2012
2013
2014
2023
2037
2051
2053
2054
2055
2056
2057
2058
2059
2067
2078
2083
2091
2098
2101
2112
2115
2123
2124
2129
2149
2151
2167
2169
2180
2181
2182
2183
2184
2185
2186
2187
2188
2189
2190
2191
2192
2193
2194
2195
2196
2197
2198
2199
2200
2201
2202
2203
2204
2205
2206
2207
2208
2211
2212
2213
2215
2217
2218
2219
2221
2222
2223
2227
2228
2229
2231
2234
2235
2236
2237
2238
2239
2240
2241
2242
2243
2244
2245
2246
2247
2248
2249
2250
2251
2252
2253
2254
2255
2256
2257
2258
2259
2260
2261
2262
2263
2264
2265
2266
2267
2268
2269
2270
2271
2272
2273
2274
2275
2276
2277
2278
2279
2280
2281
2282
2283
2284
2285
2286
2287
2288
2289
2290
2291
2292
2293
2294
2295
2296
2297
2298
2299
2300
2301
2302
2303
2304
2305
2306
2307
2308
2309
2310
2311
2312
2313
2314
2317
2319
2321
2322
2323
2325
2326
2330
2331
2332
2338
2339
2342
2344
2348
2349
2353
2355
2356
2357
2359
2361
2362
2363
2364
2366
2367
2368
2369
2371
2373
2374
2375
2376
2377
2378
2379
2381
2383
2384
2385
2386
2387
2389
2391
2392
2393
2394
2395
2397
2398
2399
2401
2403
2405
2406
2407
2408
2407
2408
2409
2409
2410
2411
2412
2413
2414
2410
2411
2412
2413
2414
2415
2415
2416
2416
2417
2417
2418
2418
2419
2419
2424
2424
2426
2426
2432
2432
2433
2433
2434
2434
2435
2435
2436
2436
2437
2437
2438
2438
2439
2439
2441
2441
2442
2442
2449
2449
2451
2451
2457
2457
2458
2458
2459
2459
2461
2461
2467
2467
2468
2468
2473
2473
2476
2476
2490
2490
2491
2491
2492
2492
2493
2493
2494
2494
2495
2495
2496
2496
2497
2497
2498
2498
2499
2499
2501
2501
2503
2503
2504
2504
2507
2507
2509
2509
2510
2510
2511
2511
2512
2512
2513
2513
2514
2514
2520
2520
2521
2521
2522
2522
2523
2523
2524
2524
2531
2531
2532
2532
2542
2542
2543
2543
2544
2544
2545
2545
2547
2547
2552
2552
2553
2553
2554
2554
2555
2555
2556
2556
2558
2558
2561
2561
2562
2562
2563
2563
2568
2568
2569
2569
2581
2581
2584
2584
2585
2585
2588
2588
2589
2589
2591
2591
2592
2592
2592
2593
2593
2593
2595
2595
2595
2596
2596
2596
2597
2597
2597
2598
2598
2598
2599
2599
2599
2600
2600
2600
2601
2601
2601
2602
2602
2602
2603
2603
2603
2604
2604
2604
2605
2605
2605
2606
2606
2606
2607
2607
2607
2608
2608
2608
2609
2609
2609
2610
2610
2610
2611
2611
2611
2612
2612
2612
2613
2613
2613
2614
2614
2614
2615
2615
2615
2616
2616
2616
2617
2617
2617
2618
2618
2618
2619
2619
2619
2620
2620
2620
2621
2621
2621
2622
2622
2622
2623
2623
2623
2624
2624
2624
2625
2625
2625
2626
2626
2626
2627
2627
2627
2628
2628
2628
2629
2629
2629
2630
2630
2630
2631
2631
2631
2632
2632
2632
2633
2633
2633
2634
2634
2634
2635
2635
2635
2636
2636
2636
2637
2637
2637
2638
2638
2638
2639
2639
2639
2640
2640
2640
2641
2641
2641
2642
2642
2642
2643
2643
2643
2644
2644
2644
2645
2645
2645
2646
2646
2646
2647
2647
2647
2648
2648
2648
2649
2649
2649
2650
2650
2650
2651
2651
2651
2652
2652
2652
2653
2653
2653
2654
2654
2654
2655
2655
2655
2656
2656
2656
2657
2657
2657
2658
2658
2658
2659
2659
2659
2660
2660
2660
2661
2661
2661
2662
2662
2662
2663
2663
2663
2664
2664
2664
2665
2665
2665
2666
2666
2666
2667
2667
2667
2668
2668
2668
2669
2669
2669
2670
2670
2670
2671
2671
2671
2672
2672
2672
2673
2673
2673
2674
2674
2674
2675
2675
2675
2676
2676
2676
2677
2677
2677
2678
2678
2678
2679
2679
2679
2680
2680
2680
2681
2681
2681
2682
2682
2682
2683
2683
2683
2684
2684
2684
2685
2685
2685
2686
2686
2686
2687
2687
2687
2688
2688
2688
2689
2689
2689
2690
2690
2690
2691
2691
2691
2692
2692
2692
2693
2693
2693
2694
2694
2694
2695
2695
2695
2696
2696
2696
2697
2697
2697
2698
2698
2698
2699
2699
2699
2700
2700
2700
2701
2701
2701
2702
2702
2702
2703
2703
2703
2704
2704
2704
2705
2705
2705
2706
2706
2706
2707
2707
2707
2708
2708
2708
2709
2709
2709
2710
2710
2710
2711
2711
2711
2712
2712
2712
2713
2713
2713
2714
2714
2714
2715
2715
2715
2716
2716
2716
2717
2717
2717
2718
2718
2718
2719
2719
2719
2720
2720
2720
2721
2721
2721
2722
2722
2722
2723
2723
2723
2724
2724
2724
2725
2725
2725
2726
2726
2726
2727
2727
2727
2728
2728
2728
2729
2729
2729
2730
2730
2730
2731
2731
2731
2732
2732
2732
2733
2733
2733
2734
2734
2734
2735
2735
2735
2736
2736
2736
2737
2737
2737
2738
2738
2738
2739
2739
2739
2740
2740
2740
2741
2741
2741
2742
2742
2742
2743
2743
2743
2744
2744
2744
2745
2745
2745
2746
2746
2746
2747
2747
2747
2748
2748
2748
2749
2749
2749
2750
2750
2750
2751
2751
2751
2752
2752
2752
2753
2753
2753
2754
2754
2754
2755
2755
2755
2756
2756
2756
2757
2757
2757
2758
2758
2758
2759
2759
2759
2760
2760
2760
2761
2761
2761
2762
2762
2763
2763
2764
2764
2765
2762
2765
2766
2763
2766
2767
2764
2767
2768
2765
2768
2769
2766
2769
2770
2767
2770
2771
2768
2771
2772
2769
2772
2773
2770
2773
2774
2771
2774
2775
2772
2775
2776
2773
2776
2777
2774
2777
2778
2775
2778
2779
2776
2779
2780
2777
2780
2781
2778
2781
2782
2779
2782
2783
2780
2783
2784
2781
2784
2785
2782
2785
2786
2783
2786
2787
2784
2787
2788
2785
2788
2789
2786
2789
2790
2787
2790
2791
2788
2791
2792
2789
2792
2793
2790
2793
2794
2791
2794
2795
2792
2795
2796
2793
2796
2797
2794
2797
2798
2795
2798
2799
2796
2799
2801
2797
2801
2802
2798
2802
2803
2799
2803
2805
2801
2805
2807
2802
2807
2808
2803
2808
2811
2805
2811
2812
2807
2812
2813
2808
2813
2814
2811
2814
2815
2812
2815
2816
2813
2816
2817
2814
2817
2818
2815
2818
2819
2816
2819
2820
2817
2820
2822
2818
2822
2826
2819
2826
2828
2820
2828
2831
2822
2831
2832
2826
2832
2837
2828
2837
2838
2831
2838
2839
2832
2839
2841
2837
2841
2842
2838
2842
2839
2853
2841
2854
2842
2853
2855
2853
2854
2856
2854
2855
2857
2855
2856
2858
2856
2857
2859
2857
2858
2860
2858
2859
2861
2859
2860
2862
2860
2861
2863
2861
2862
2864
2862
2863
2865
2863
2864
2866
2864
2865
2867
2865
2866
2868
2866
2867
2869
2867
2868
2870
2868
2869
2871
2869
2870
2872
2870
2871
2873
2871
2872
2874
2872
2873
2875
2873
2874
2876
2874
2875
2877
2875
2876
2878
2876
2877
2879
2877
2878
2880
2878
2879
2881
2879
2880
2882
2880
2881
2883
2881
2882
2884
2882
2883
2885
2883
2884
2886
2884
2885
2887
2885
2886
2888
2886
2887
2889
2887
2888
2890
2888
2889
2891
2889
2890
2892
2890
2891
2893
2891
2892
2894
2892
2893
2895
2893
2894
2896
2894
2895
2897
2895
2896
2898
2896
2897
2899
2897
2898
2900
2898
2899
2901
2899
2900
2902
2900
2901
2903
2901
2902
2904
2902
2903
2905
2903
2904
2906
2904
2905
2907
2905
2906
2908
2906
2907
2909
2907
2908
2910
2908
2909
2911
2909
2910
2912
2910
2911
2913
2911
2912
2914
2912
2913
2915
2913
2914
2916
2914
2915
2917
2915
2916
2918
2916
2917
2919
2917
2918
2920
2918
2919
2921
2919
2920
2922
2920
2921
2923
2921
2922
2924
2922
2923
2925
2923
2924
2926
2924
2925
2927
2925
2926
2928
2926
2927
2929
2927
2928
2930
2928
2929
2931
2929
2930
2932
2930
2931
2933
2931
2932
2934
2933
2932
2935
2934
2933
2936
2935
2934
2937
2935
2936
2938
2937
2936
2939
2938
2937
2940
2938
2939
2941
2940
2939
2942
2940
2941
2943
2942
2941
2944
2942
2943
2945
2943
2944
2946
2944
2945
2947
2945
2946
2948
2946
2947
2948
2949
2947
2948
2949
2950
2948
2949
2950
2951
2950
2951
2952
2949
2951
2952
2953
2950
2952
2953
2954
2951
2953
2954
2955
2952
2954
2955
2953
2956
2955
2956
2954
2957
2956
2957
2955
2958
2957
2958
2959
2956
2958
2959
2960
2957
2959
2960
2961
2958
2960
2961
2962
2959
2961
2962
2963
2960
2962
2963
2964
2961
2963
2964
2965
2962
2964
2965
2966
2963
2965
2966
2967
2964
2966
2967
2968
2965
2967
2968
2969
2966
2968
2969
2970
2967
2969
2970
2971
2968
2970
2971
2972
2969
2971
2972
2973
2970
2972
2973
2974
2971
2973
2974
2975
2972
2974
2975
2976
2973
2975
2976
2977
2974
2976
2977
2978
2975
2977
2978
2979
2976
2978
2979
2980
2977
2979
2980
2981
2978
2980
2981
2982
2979
2981
2982
2983
2980
2982
2983
2981
2984
2983
2984
2982
2985
2984
2985
2983
2986
2985
2986
2984
2987
2986
2987
2985
2988
2987
2988
2986
2989
2988
2989
2987
2990
2989
2990
2988
2991
2990
2991
2989
2992
2991
2992
2990
2993
2992
2993
2991
2994
2993
2994
2992
2995
2994
2995
2993
2996
2995
2996
2994
2997
2996
2997
2995
2998
2997
2998
2996
2999
2998
2999
2997
2999
2998
2999
